 -2.40000000e+00 -2.40000000e+00 4.56250508e-01
 -2.40000000e+00 -1.20000000e+00 6.29558085e-01
 -2.40000000e+00 0.00000000e+00 -0.00000000e+00
 -2.40000000e+00 1.20000000e+00 -6.29558085e-01
 -2.40000000e+00 2.40000000e+00 -4.56250508e-01
 -1.20000000e+00 -2.40000000e+00 6.29558085e-01
 -1.20000000e+00 -1.20000000e+00 8.68696858e-01
 -1.20000000e+00 0.00000000e+00 -0.00000000e+00
 -1.20000000e+00 1.20000000e+00 -8.68696858e-01
 -1.20000000e+00 2.40000000e+00 -6.29558085e-01
 0.00000000e+00 -2.40000000e+00 -0.00000000e+00
 0.00000000e+00 -1.20000000e+00 -0.00000000e+00
 0.00000000e+00 0.00000000e+00 0.00000000e+00
 0.00000000e+00 1.20000000e+00 0.00000000e+00
 0.00000000e+00 2.40000000e+00 0.00000000e+00
 1.20000000e+00 -2.40000000e+00 -6.29558085e-01
 1.20000000e+00 -1.20000000e+00 -8.68696858e-01
 1.20000000e+00 0.00000000e+00 0.00000000e+00
 1.20000000e+00 1.20000000e+00 8.68696858e-01
 1.20000000e+00 2.40000000e+00 6.29558085e-01
 2.40000000e+00 -2.40000000e+00 -4.56250508e-01
 2.40000000e+00 -1.20000000e+00 -6.29558085e-01
 2.40000000e+00 0.00000000e+00 0.00000000e+00
 2.40000000e+00 1.20000000e+00 6.29558085e-01
 2.40000000e+00 2.40000000e+00 4.56250508e-01
